840
2.83346 1.32543 17.0291
1.17925 0.535919 7.04909
0.568076 0.257432 3.38501
0.502407 0.239463 3.02684
3.05963 1.41039 18.2705
2.44957 1.12123 14.5692
3.88533 1.78077 23.2397
6.91757 3.21519 41.6287
4.985 2.36014 29.7957
4.56834 2.13036 27.1342
1.35262 0.620286 7.91037
1.75658 0.80391 10.3011
2.5949 1.22277 15.2689
2.46369 1.15018 14.4586
2.27338 1.05777 13.3226
2.98607 1.41014 17.5479
0.533069 0.246491 3.10219
1.18628 0.545082 6.88858
0.891452 0.42412 5.21097
0.773897 0.355171 4.4841
3.3203 1.57883 19.4147
3.00505 1.42608 17.4754
3.80916 1.79956 22.1508
2.37406 1.11429 13.7427
3.92242 1.83007 22.856
3.93625 1.86287 23.0647
4.08402 1.88518 23.6126
5.53647 2.54158 32.1098
7.55029 3.53878 43.6296
0.896091 0.408977 5.12726
2.4484 1.17025 14.1603
0.973612 0.447046 5.56795
0.778122 0.356334 4.43829
2.30079 1.09021 13.3169
3.11085 1.42531 17.8361
4.24806 1.95875 24.2902
5.24124 2.51821 30.0763
4.98864 2.33577 28.7664
6.42132 3.01102 36.7996
4.86706 2.22384 27.7059
1.21994 0.5641 6.90011
5.08941 2.35963 28.5286
0.512958 0.245898 2.9037
2.91156 1.39714 16.5897
3.05874 1.46153 17.4055
3.59879 2.18021 17.6378
1.15289 0.696279 5.62073
3.65812 2.26289 17.9772
5.15576 3.10401 25.2966
5.26777 3.16521 25.8252
7.84913 4.81032 38.6584
3.81457 2.29957 18.3631
8.16388 4.88231 39.5805
8.74604 5.35189 42.6416
6.05389 3.72134 29.5261
6.10909 3.70943 29.4742
7.20739 4.39845 34.7865
4.02219 2.46573 19.3555
2.50255 1.52265 12.0082
4.35891 2.64539 20.8464
2.5457 1.5588 12.1967
2.888 1.76595 13.8643
6.29095 3.78545 30.0673
6.21437 3.73557 29.8094
8.37072 5.0812 40.2891
5.52865 3.41087 26.4759
0.927392 0.56908 4.38707
0.868909 0.533152 4.12156
1.35734 0.810058 6.42286
1.68572 1.02594 8.01122
0.614108 0.372848 2.91253
4.48217 2.69041 21.2693
2.53196 1.54243 12.0445
2.36546 1.45127 11.2414
2.0066 1.20327 9.47504
6.1895 3.80564 29.4663
6.25234 3.83711 29.671
8.47081 5.09076 39.8151
0.765853 0.468253 3.57549
3.14638 1.89756 14.7967
3.69935 2.2313 17.3827
2.37968 1.46206 11.2219
1.36368 0.823476 6.37343
4.08393 2.46175 19.1367
4.32494 2.60629 20.2616
3.52296 2.14023 16.5378
2.22296 1.35238 10.3889
5.5762 3.41447 26.0653
8.55998 5.2049 40.2441
8.89966 5.43373 41.8233
6.09429 3.70605 28.5113
6.56204 3.9256 30.7727
5.43736 3.31794 25.5319
1.82165 1.10485 8.43521
2.29622 1.39975 10.7074
4.99626 3.00166 23.2104
2.65907 1.62514 12.3782
3.72635 2.29395 17.3242
4.04038 2.42759 18.6403
6.32434 3.78433 29.0773
2.79333 1.69505 12.8951
7.48179 4.52859 34.8265
9.05906 5.53613 41.931
7.08456 4.30263 32.7248
5.85677 3.57477 27.0775
1.41903 0.864155 6.5029
1.72495 1.05839 7.94556
1.1629 0.707406 5.35783
4.94382 2.9662 22.5968
5.05552 3.09314 23.099
4.79906 2.85966 21.9126
5.53639 3.37599 25.4288
8.82008 5.3516 40.4919
6.05532 3.63394 27.6142
0.95162 0.568313 4.31102
2.87988 1.7622 13.1078
7.9453 4.75222 35.7241
4.12286 2.4687 18.6694
3.06917 1.83644 13.853
2.63224 1.60491 11.9165
5.09563 3.11981 23.0797
2.16168 1.29424 9.70862
1.15154 0.702277 5.14651
4.87691 2.98828 22.0338
4.61331 2.76261 20.7161
2.52687 1.54305 11.3966
2.55784 1.52786 11.461
2.12059 1.26046 9.48494
3.48973 2.128 15.6769
6.49313 3.96559 29.1307
2.13264 1.29873 9.54841
2.63076 1.60849 11.7625
8.75481 5.28357 39.3548
8.139 4.91774 36.3609
1.00451 0.596963 4.44958
1.83886 1.09823 8.12761
0.724101 0.443903 3.22049
2.06478 1.26313 9.22164
4.4014 2.63262 19.406
4.43629 2.6948 19.6141
7.5076 4.50509 33.382
9.72771 5.81899 43.136
2.02105 1.21211 8.84652
1.7281 1.04264 7.55975
3.59222 2.1584 15.8002
4.51986 2.70025 19.8233
2.71352 1.65157 11.9401
4.86343 2.90951 21.2691
6.41294 3.93069 28.2955
6.01626 3.63134 26.4151
8.25307 5.01405 36.2446
0.860287 0.51872 3.73063
0.70792 0.424939 3.06405
3.2311 1.9763 14.102
5.45393 3.28123 23.756
4.34545 2.64989 18.8699
1.92421 1.17615 8.35565
4.02988 2.45625 17.5229
3.31201 1.97936 14.2679
5.64195 3.43651 24.5986
8.13286 4.95371 35.5347
9.39444 5.59172 40.559
1.84978 1.09912 7.9368
4.40538 2.68706 19.0328
2.14617 1.29607 9.26156
1.98094 1.17778 8.44695
5.52273 3.32755 23.7816
2.02256 1.22856 8.6595
2.43677 1.48183 10.4508
5.57793 3.33454 23.7989
2.45013 1.48575 10.525
4.29891 2.5759 18.3706
7.36484 4.45571 31.7356
8.07657 4.86617 34.7412
7.03535 4.23853 30.1681
1.12717 0.68483 4.80842
1.70962 1.01654 7.23239
1.05087 0.636027 4.44838
3.77217 2.29417 16.1116
2.52337 1.53908 10.7168
5.63343 3.38844 23.9626
5.5682 3.32894 23.6289
10.0963 6.14158 42.7962
1.98289 1.19482 8.35323
3.54461 2.16342 14.9004
1.27345 0.774248 5.34318
2.26219 1.34561 9.50139
5.46187 3.2997 23.0388
3.90206 2.34988 16.4049
2.29942 1.38793 9.66878
6.4147 3.85634 27.0529
1.46267 0.890253 6.12526
3.94646 2.3746 16.4809
0.622936 0.379326 2.58858
3.03739 1.83143 12.7065
5.43903 3.24976 22.6614
1.40031 0.84369 5.80154
4.05983 2.46494 16.9662
3.87351 2.34499 16.1132
1.68136 1.02572 6.99645
3.4684 2.09082 14.3925
4.52737 2.73395 18.7664
8.80264 5.32352 36.8513
6.2044 3.69465 25.7126
8.64705 5.26008 36.1026
9.95617 5.95982 41.2809
1.41201 0.853804 5.83725
2.02373 1.23454 8.39675
3.11138 1.88918 12.8271
5.32804 3.17185 21.9285
5.11212 3.09275 21.0527
6.4402 3.92901 26.7295
8.86739 5.36428 36.6642
7.21129 4.38253 29.6645
9.22357 5.54473 37.8034
5.38354 3.22549 21.9607
0.877289 0.531402 3.57967
1.61599 0.97774 6.5806
1.33408 0.790438 5.42387
4.17677 2.48132 17.0502
4.32592 2.61526 17.73
2.57134 1.52346 10.465
3.36254 2.0005 13.6979
0.949222 0.566985 3.87578
6.66682 3.95727 27.1599
7.03897 4.28333 28.7415
1.269 0.757333 5.13861
1.08375 0.644645 4.36153
1.55063 0.943309 6.29135
5.593 3.38786 22.674
2.33891 1.41163 9.48734
2.43759 1.47166 9.87305
2.40849 1.45568 9.71847
1.73726 1.0451 6.9995
0.787213 0.475381 3.1746
2.5125 1.50152 10.1285
9.89857 5.90368 39.8464
4.38097 2.64656 17.6663
7.46107 4.42591 30.1056
1.06066 0.644654 4.23559
3.51545 2.11505 14.1099
4.63698 2.81043 18.6275
3.64744 2.15921 14.559
2.75662 1.64307 10.9965
5.16962 3.142 20.7309
5.58958 3.40004 22.3131
2.23888 1.34825 8.93298
7.72725 4.67756 31.1022
6.34912 3.81875 25.4095
6.8323 4.05629 27.1776
6.92834 4.16983 27.6143
10.6428 6.293 42.2191
3.92747 2.3639 15.6246
5.10625 3.10115 20.318
4.0562 2.44246 16.1227
4.43587 2.68244 17.5808
7.71446 4.59913 30.6325
6.79034 4.11447 26.8718
2.80284 1.6767 11.1196
4.57415 2.74001 18.0558
6.76125 4.079 26.8839
10.0241 6.04523 39.8219
10.176 6.17028 40.3911
7.51144 4.54773 29.7453
10.2308 6.08927 40.3969
7.31699 4.37449 28.8652
1.34746 0.79934 5.2528
3.91744 2.34872 15.3086
2.58933 1.53995 10.0967
6.82234 4.11163 26.667
6.68874 3.95066 26.0609
3.16362 1.87506 12.2995
3.25834 1.95099 12.6655
6.36286 3.7582 24.6386
5.22804 3.13866 20.2708
2.16163 1.29161 8.37045
8.55067 5.17977 33.2175
4.93083 2.94402 19.0826
3.79884 2.2593 14.6779
5.44775 3.29241 21.1311
3.77233 2.22818 14.5433
6.64263 4.00416 25.8427
7.88876 4.70598 30.5173
1.89543 1.12612 7.25232
1.60469 0.947717 6.14575
4.49182 2.6801 17.2901
4.03911 2.4015 15.4705
3.21982 1.93863 12.3998
6.05633 3.60996 23.229
5.45239 3.28242 20.9507
5.56546 3.31458 21.2998
3.77623 2.25292 14.4407
3.43606 2.03737 13.1191
2.53238 1.50105 9.6666
6.52477 3.92434 25.159
6.86245 4.10002 26.2386
1.70413 1.03083 6.53194
1.24962 0.739595 4.73752
4.29819 2.57094 16.3072
5.13671 3.03094 19.4046
2.50817 1.49353 9.51853
4.34157 2.56493 16.4423
10.3046 6.24283 39.3977
8.79456 5.23727 33.3448
6.00438 3.58163 22.6542
8.88853 5.2415 33.5432
8.89045 5.26122 33.5142
9.37255 5.61014 35.2697
6.54786 3.92198 24.6272
1.53276 0.91815 5.72138
2.39633 1.44253 9.01216
3.47068 2.08845 13.0332
3.51718 2.07405 13.0657
4.35794 2.6085 16.2863
4.63088 2.76271 17.2826
8.30021 4.98856 31.1168
6.74711 4.07845 25.287
6.62466 3.95111 24.7661
10.9544 6.5104 40.8569
11.1709 6.65991 41.6586
2.39969 1.41864 8.89685
3.04626 1.81423 11.2914
3.92118 2.33318 14.5143
4.66191 2.75006 17.1801
4.48823 2.68917 16.577
2.92364 1.76704 10.8099
0.669666 0.394823 2.46593
7.30438 4.32073 26.8816
1.98972 1.2025 7.31135
1.75992 1.0571 6.45858
1.01669 0.600339 3.70457
1.50216 0.887089 5.47359
4.21675 2.5387 15.5087
2.32175 1.3754 8.50345
2.7714 1.63962 10.1225
8.28391 4.99609 30.4848
8.7984 5.29463 32.2973
8.00829 4.77956 29.2687
10.2321 6.17474 37.5378
1.41089 0.83092 5.13198
0.756543 0.454271 2.76001
2.04047 1.20351 7.42738
3.46571 2.07118 12.6549
3.28453 1.93519 11.954
3.57404 2.1461 13.0355
4.06091 2.40421 14.7701
1.81442 1.06876 6.55688
1.70205 1.02785 6.18681
4.71494 2.80754 17.1103
4.04716 2.43566 14.7067
6.64912 4.01024 24.2905
1.60281 0.957465 5.76572
1.66419 0.998173 5.98842
4.36917 2.57846 15.67
2.08632 1.25707 7.52117
5.78888 3.41253 20.8096
10.9273 6.47354 39.2757
4.21521 2.48059 15.0658
2.29416 1.3506 8.19129
1.00682 0.636345 6.58994
1.55711 0.970077 10.1758
0.756067 0.468602 4.88321
1.44991 0.917523 9.48262
3.43232 2.13346 22.3726
1.72341 1.05294 11.1009
3.02707 1.88742 19.5226
3.87864 2.39284 25.2569
1.00459 0.630377 6.58365
4.60214 2.87324 29.9722
5.00856 3.09745 32.3408
4.90479 3.02078 31.5505
0.866268 0.587267 5.68721
0.752564 0.517465 4.93221
1.49996 1.01665 9.88789
3.17087 2.12862 20.8382
2.33303 1.57912 15.2787
1.52236 1.02389 9.92702
2.22897 1.48986 14.496
1.71737 1.14657 11.1552
4.21239 2.85861 27.4713
3.91401 2.60504 25.535
4.05613 2.69782 26.3734
4.28603 2.86202 27.8792
6.04348 4.17847 39.6336
4.3184 2.89504 28.0294
5.64737 3.8372 36.7367
1.36822 0.944776 8.91443
2.2344 1.50569 14.2883
2.2031 1.46875 14.0495
3.92371 2.60376 25.1736
4.84391 3.33432 31.3571
5.2437 3.51011 33.79
4.31656 2.89365 27.6274
1.72467 1.18918 11.0404
0.50264 0.344321 3.19456
3.27876 2.22127 20.7184
5.03266 3.43398 32.1659
3.73666 2.49123 23.7146
5.66391 3.75143 35.7545
3.9523 2.725 25.3453
0.846978 0.562312 5.31425
1.45146 0.977526 9.06497
3.4831 2.38091 21.914
2.04874 1.3639 12.8554
1.91708 1.29107 12.0265
2.27925 1.54393 14.2707
3.18686 2.18664 19.9722
4.60038 3.15206 28.9047
4.94578 3.29438 30.9169
4.13377 2.7545 25.9444
4.59291 3.13232 28.8487
1.18714 0.78589 7.33201
0.956898 0.644065 5.90959
3.46561 2.34001 21.3527
0.777648 0.516952 4.75347
3.1293 2.13619 19.4775
2.59018 1.73797 15.9917
2.90741 1.93592 17.8228
5.16019 3.41312 31.771
4.26992 2.90379 26.3956
0.7838 0.52119 4.77972
0.790336 0.523474 4.79897
0.892157 0.592313 5.41148
2.25629 1.49113 13.6537
2.64515 1.75883 16.0193
1.8459 1.24895 11.1782
5.35802 3.61551 32.5632
6.85734 4.56777 41.4382
4.59328 3.04209 27.941
4.42772 2.9451 26.7211
0.908512 0.59612 5.38597
2.19011 1.46935 13.0992
3.06275 2.0267 18.1965
1.68091 1.13002 10.1045
2.02803 1.37082 12.2088
7.32107 4.94378 44.2781
4.05613 2.68639 24.0951
5.84012 3.92033 35.1336
0.894265 0.6064 5.29004
2.31905 1.52638 13.6914
2.71461 1.79682 16.0225
2.28554 1.51135 13.4438
1.74654 1.14421 10.2431
4.66179 3.11184 27.6525
6.19709 4.05627 36.3108
5.69636 3.81393 33.6807
7.18188 4.76209 42.1561
0.639426 0.424516 3.74066
1.32034 0.880405 7.68019
0.672103 0.443338 3.88549
3.83283 2.52762 22.2911
2.12094 1.43674 12.3463
4.72761 3.08992 27.4002
4.19189 2.7563 24.4963
6.12431 4.00602 35.6153
2.45594 1.62331 14.161
1.7967 1.21789 10.4027
2.83185 1.89152 16.3569
5.74357 3.75915 33.0544
0.562824 0.370039 3.17456
3.70283 2.45049 21.0422
3.27123 2.20672 18.6845
0.994699 0.658749 5.61103
2.11436 1.43048 12.1186
2.49522 1.64435 14.1904
7.73478 5.14858 44.1676
7.58349 4.95296 42.8893
7.34219 4.94518 41.6249
5.43884 3.56057 30.5838
6.77026 4.46399 38.1304
1.17512 0.784599 6.59657
2.09125 1.37937 11.6597
2.1206 1.42598 11.8797
4.26059 2.84716 23.8075
6.09258 4.08114 34.3511
5.85433 3.92925 32.7772
5.6374 3.69821 31.3522
6.57872 4.33824 36.5595
2.75942 1.79246 15.2571
2.73571 1.79179 15.0233
2.30036 1.50587 12.5955
4.72044 3.14073 26.1716
7.01025 4.68446 38.7047
0.654694 0.437537 3.58541
1.02694 0.683431 5.60908
0.952404 0.62021 5.19832
3.15435 2.08318 17.2688
3.88217 2.61023 21.343
2.10451 1.40511 11.492
5.37522 3.60165 29.4034
6.10845 3.98847 33.1067
5.95002 3.88052 32.1595
7.35842 4.80578 39.7545
1.55317 1.02854 8.32725
0.762145 0.500508 4.12007
2.61242 1.69919 14.0626
2.49181 1.63344 13.4227
3.09985 2.0487 16.6077
2.49145 1.61843 13.278
4.60812 3.07188 24.7836
7.35288 4.77179 39.4893
8.03072 5.36416 43.3604
1.6277 1.08256 8.71143
1.66877 1.09595 8.80912
2.65217 1.72997 14.1342
2.84135 1.87793 15.1881
1.08797 0.703216 5.74453
4.32387 2.86361 23.0971
3.7928 2.49406 20.1583
3.2727 2.1425 17.373
4.28306 2.82496 22.6686
2.54568 1.6858 13.4699
5.26749 3.40001 27.713
7.34383 4.90186 39.0135
8.42708 5.4514 44.5484
2.73535 1.77227 14.3523
3.4003 2.25215 17.8886
3.63607 2.39855 19.0961
2.11776 1.37635 11.0953
4.35709 2.84311 22.7719
6.56472 4.23765 34.2477
6.05884 3.99707 31.7707
8.05555 5.3273 42.2467
6.48358 4.25845 34.0735
1.4275 0.920713 7.36669
1.06585 0.702238 5.52986
0.993439 0.647144 5.1156
3.00645 1.9633 15.5639
3.73395 2.47282 19.3282
4.95193 3.23637 25.6292
5.99593 3.90011 31.1258
6.52549 4.29603 33.9629
5.4889 3.58453 28.3325
6.12519 4.02492 31.6183
1.52549 0.991741 7.82981
1.08997 0.725052 5.6269
0.451033 0.290488 2.29091
1.21738 0.802459 6.22194
2.35112 1.52126 12.018
3.78898 2.45411 19.349
2.85452 1.86937 14.6032
4.77934 3.08014 24.2414
3.85692 2.53298 19.7629
6.51154 4.31553 33.4056
1.11344 0.723569 5.6478
1.1792 0.771079 5.97227
1.64628 1.0615 8.27978
3.67954 2.44379 18.7373
3.50071 2.31068 17.7213
8.08057 5.19466 40.524
8.25244 5.29748 41.287
6.34759 4.15495 32.277
4.86343 3.18135 24.7207
1.41552 0.926609 7.10678
1.20551 0.794942 6.06298
1.15897 0.760468 5.78462
5.02773 3.22951 25.1169
4.76545 3.08594 23.805
2.27084 1.47929 11.3369
2.62006 1.73627 13.1279
2.95755 1.9314 14.7477
4.75282 3.12182 23.8148
2.74979 1.7661 13.6933
8.65476 5.57157 43.2579
3.98696 2.58752 19.5793
2.23234 1.47647 11.0119
5.12968 3.32707 25.1621
7.39115 4.77468 36.2533
1.95528 1.26631 9.57638
0.91757 0.593278 4.47153
0.803165 0.517491 3.88852
2.9962 1.93157 14.6121
4.17506 2.73469 20.2955
3.94792 2.58807 19.141
1.42161 0.911422 6.85014
1.89321 1.24702 9.12737
1.8632 1.22011 9.02176
1.79477 1.14606 8.62964
3.6224 2.33389 17.4913
2.67435 1.76349 12.9404
2.43947 1.58403 11.7461
3.98986 2.58071 19.108
8.80588 5.66912 42.17
4.56238 2.94578 21.7356
3.02879 1.95405 14.4255
6.98608 4.54483 33.3171
6.80717 4.43424 32.3982
1.97016 1.25928 9.27402
2.05526 1.32715 9.70055
1.94584 1.25638 9.15809
1.1932 0.764554 5.5764
2.47552 1.60264 11.7246
3.05386 1.99847 14.4819
2.29706 1.47197 10.7637
5.66717 3.72028 26.685
1.3907 0.887153 6.47483
2.05455 1.34663 9.60527
2.14175 1.38836 9.98175
3.75187 2.46293 17.6011
9.39685 6.06924 43.9556
3.56364 2.31872 16.6003
8.72162 5.56494 40.3645
5.19678 3.34695 24.1081
6.87394 4.40007 32.0606
8.09631 5.26605 37.9132
6.81919 4.35622 31.7959
5.70051 3.66752 26.5326
1.98306 1.25996 9.14416
1.56189 0.996091 7.18517
1.4801 0.941454 6.79077
3.22556 2.09665 14.9169
2.12016 1.34635 9.70573
3.03016 1.98229 14.0258
2.87714 1.84677 13.1607
2.85019 1.82007 13.0923
5.35373 3.49775 24.7816
9.33472 5.92568 42.5955
8.79695 5.72788 40.6414
8.70426 5.60262 40.2186
8.74252 5.61677 40.0602
0.661618 0.423979 3.01175
2.18536 1.39391 9.92847
2.17242 1.39656 9.93975
3.61245 2.31115 16.4306
3.88077 2.46649 17.5863
5.19532 3.30618 23.5146
4.64293 2.95655 20.9896
2.66549 1.70697 12.0637
9.44655 6.0965 43.2122
5.25411 3.37157 23.8118
5.38537 3.50962 24.6424
7.03825 4.50078 32.0469
9.25708 5.97117 42.1851
6.1311 3.99045 27.8595
1.07249 0.686945 4.82659
1.70258 1.10753 7.66415
2.80396 1.81837 12.6645
2.80467 1.81908 12.6672
4.14256 2.67199 18.667
3.80524 2.461 17.1231
5.9266 3.8725 26.8918
9.39012 5.95233 42.3238
7.004 4.53622 31.6895
6.79609 4.36318 30.6599
5.96946 3.87104 26.9344
2.60275 1.69039 11.7067
5.29601 3.39848 23.6923
3.91261 2.49181 17.3304
5.57852 3.59922 24.8982
6.00296 3.89028 26.7163
1.84793 1.18118 8.13
2.85429 1.81144 12.5971
3.10719 1.9662 13.7022
2.11192 1.37134 9.38573
3.97963 2.51999 17.4577
3.85771 2.44251 16.9269
2.77177 1.78711 12.2164
2.68829 1.71426 11.8044
9.83023 6.33537 43.3171
1.8841 1.19462 8.20111
1.66404 1.0547 7.21118
3.30847 2.15149 14.5186
2.23912 1.43976 9.77115
2.83337 1.80691 12.2783
2.77888 1.79935 12.1167
7.23586 4.62774 31.5621
7.20213 4.548 31.2782
0.599563 0.386294 2.57957
2.38305 1.52997 10.2922
4.38376 2.82562 19.0224
5.5416 3.49519 23.8029
5.00945 3.21641 21.6813
2.33572 1.49909 10.0501
8.18145 5.18338 35.2544
6.45918 4.07286 27.7103
9.66821 6.20641 41.7413
7.91311 5.11804 34.1672
7.50531 4.78286 32.2058
2.01825 1.30385 8.65265
2.42166 1.55231 10.36
0.824694 0.534253 3.53339
4.0888 2.59182 17.4566
4.6708 2.94711 19.9504
3.41615 2.15395 14.5845
5.13451 3.33344 22.0596
4.38992 2.76526 18.6582
4.7804 3.04232 20.4413
3.6463 2.34369 15.5236
9.87772 6.28487 42.1691
6.02176 3.79592 25.6088
8.43071 5.3277 35.7614
6.41101 4.14325 27.1678
2.23196 1.4185 9.39646
3.92647 2.52466 16.687
2.33069 1.48124 9.85634
4.01436 2.59103 16.967
3.3823 2.15993 14.3025
3.50776 2.24731 14.826
6.01068 3.82345 25.4164
8.18349 5.15556 34.392
6.95586 4.43598 29.4295
8.34911 5.25671 35.0072
0.77077 0.494904 3.22738
1.89349 1.20837 7.90517
4.49185 2.87535 18.8748
6.71102 4.33866 28.0369
6.1451 3.87371 25.4935
7.98919 5.03581 33.3704
8.54606 5.49122 35.7592
6.24712 3.96234 25.9936
10.0789 6.34675 41.8376
0.996133 0.643215 4.13232
1.75458 1.11713 7.23795
3.05378 1.9491 12.7092
4.5663 2.91849 18.9826
4.88971 3.11961 20.1713
4.28367 2.74437 17.7071
5.96671 3.74864 24.6513
5.58743 3.54294 23.0799
7.6501 4.86219 31.6668
9.18823 5.87791 37.9743
1.75032 1.10241 7.15165
1.62702 1.04828 6.68357
2.20909 1.41113 9.10324
5.04066 3.16685 20.5547
4.54858 2.88365 18.6594
3.68047 2.37153 15.1451
2.30446 1.44752 9.4139
3.45957 2.18438 14.1281
4.09477 2.63483 16.8112
3.41734 2.18053 13.9516
5.47406 3.45343 22.4603
7.65307 4.8786 31.4031
5.7263 3.6581 23.5092
8.63075 5.46774 35.2452
10.5578 6.68095 43.0354
2.67299 1.68672 10.8728
2.55735 1.61735 10.4084
2.7572 1.77387 11.2711
4.19146 2.69675 17.1222
2.42292 1.54307 9.8288
5.29166 3.33127 21.4642
6.8863 4.36683 27.9469
7.01823 4.44649 28.46
9.02407 5.7391 36.5634
4.18835 2.69703 16.9587
3.71127 2.33752 14.9266
2.62634 1.65548 10.5516
3.59419 2.26075 14.4127
9.82914 6.27263 39.3935
9.96472 6.29172 39.9145
9.95492 6.28199 39.8618
0.6253 0.39503 2.49608
6.05584 3.8039 24.1032
0.787529 0.504021 3.13575
4.22986 2.65283 16.8199
3.30335 2.06951 13.1049
5.36467 3.37854 21.2525
6.92709 4.42643 27.6709
7.73214 4.86704 30.741
7.09496 4.54238 28.2574
9.99807 6.29027 39.494
0.970281 0.62171 3.8406
5.81583 3.73398 23.0557
1.27002 0.814642 5.00204
9.52118 5.98716 37.619
2.00898 1.26703 7.88317
5.54514 3.5082 21.8743
5.22212 3.28621 20.4376
7.00734 4.41996 27.632
9.55613 6.09427 37.5662
10.2422 6.40737 40.2999
9.49798 5.9649 37.259
0.906794 0.575703 3.55164
5.36822 3.3795 20.9569
0.88189 0.562638 3.43345
1.86598 1.16796 7.22645
5.84885 3.65538 22.7159
5.02323 3.17766 19.571
11.0034 6.96682 43.0467
1.9401 1.23876 7.52608
2.13687 1.35524 8.27034
1.20096 0.760741 4.6596
2.32411 1.46455 8.98855
1.89949 1.18489 7.31241
4.44507 2.78313 17.2037
5.57357 3.51104 21.5678
5.7652 3.60616 22.2368
9.79808 6.24332 37.8307
10.5126 6.70741 40.6276
5.12535 3.23476 19.6871
1.73128 1.08086 6.6039
3.78551 2.38017 14.4433
3.53802 2.25902 13.5407
9.02917 5.66484 34.5382
1.36213 0.85305 5.17333
2.59959 1.62702 9.84332
5.34065 3.37377 20.2616
8.06333 5.03278 30.4854
3.6956 2.33318 13.9578
6.04124 3.79699 22.7905
8.21472 5.14467 31.1386
7.6682 4.83791 28.9885
7.63362 4.85984 28.9025
3.01497 1.89216 11.33
3.84768 2.41291 14.4846
5.29305 3.36351 19.8453
5.63409 3.50991 21.0077
7.33834 4.64362 27.6516
2.60295 1.65542 9.76615
2.5964 1.63996 9.72371
7.04357 4.48062 26.4848
6.09327 3.83318 22.7409
1.93839 1.21629 7.19446
5.32188 3.31667 19.8186
2.91739 1.84895 10.8392
10.3388 6.5474 38.6676
1.50768 0.948772 5.58027
1.20881 0.756303 4.44141
5.34678 3.39342 19.8062
2.86609 1.80284 10.5766
2.6268 1.63922 9.66541
4.4637 2.8018 16.4079
3.72188 2.3576 13.7129
4.74937 2.9496 17.3648
6.8074 4.23067 24.9305
6.42045 4.08759 23.6363
6.21849 3.95169 23.0592
9.25502 5.77807 34.0062
11.431 7.16411 42.0058
8.57417 5.43014 31.529
1.66509 1.05802 6.11217
0.667302 0.418331 2.43734
2.26762 1.42164 8.26205
1.26114 0.79083 4.5856
2.60566 1.65773 9.52404
9.35301 5.96057 34.3849
1.06214 0.733469 7.07
2.26491 1.51004 14.871
3.34108 2.32217 22.5129
